13.1169343
12.4058319
11.8550249
11.4596366
11.2387426
11.2336346
11.4306745
12.039204
12.3555253
13.0937547
13.7400269
14.4399174
15.0084427
15.4387439
15.5296427
15.3456368
15.4607096
17.0624414
17.2307991
16.8624217
16.4467619
15.8493498
15.0572956
13.9789883
12.9600818
12.6166223
12.1117986
11.7830261
11.6559792
11.8303138
12.2132713
13.1557404
13.9435588
14.9961142
15.9538531
16.693976
16.9826143
16.93087
16.8281105
16.8779484
17.1834391
18.4494124
18.4993545
18.0044691
17.3867342
16.7269201
15.7780662
14.6635197
13.4640894
13.5761549
12.8895255
12.5071667
12.3780794
12.5161201
12.863286
13.7447743
14.4176708
15.2991122
16.3008686
17.0326408
17.2102816
17.3917979
17.4853334
17.7018402
18.2742336
20.4277941
20.8666347
20.4749485
19.8548458
19.0217787
17.7951894
16.2823669
15.3177893
14.5422436
14.1579932
14.0582944
14.2074632
14.9428066
16.689825
19.1794843
19.7465991
19.9957696
20.2557448
20.4630004
20.4484092
20.3898917
20.3354922
20.5657121
21.1094078
23.0190248
23.5487082
23.2045937
22.5491773
21.417354
19.7775401
17.9488057
16.5750405
15.7901226
15.3604871
15.1490472
15.2292659
15.8485042
17.533223
19.8473213
20.2007537
20.2981826
20.3855832
20.402863
20.2436312
20.0092937
19.8309493
19.9603442
20.4509977
22.2105252
22.6283576
22.3468204
21.7067228
20.604829
19.0060688
17.1619978
15.802803
14.9386955
14.4736654
14.2515974
14.2762314
14.901673
16.5031581
18.853946
19.1587667
19.3347713
19.3567767
19.3229194
19.2741655
19.2683234
19.0899813
19.1249639
19.7586032
21.460813
21.7862542
21.4876989
20.813215
19.7455778
18.2281529
16.4674611
15.1157318
14.2657562
13.8240523
13.6271278
13.700625
14.3627916
16.0136544
18.3938021
18.6852168
18.8889846
19.0595689
19.0245088
18.9824453
18.9211978
18.9100596
19.0385261
19.3405536
20.9080731
21.2861484
20.9834226
20.3850213
19.391083
17.9233432
16.2299825
14.8715694
14.0386587
13.543544
13.3208439
13.3950873
14.0142843
15.6075343
17.9739707
18.3594336
18.743897
19.1528244
19.2073623
19.1105516
19.0539653
19.0248435
18.9879582
19.4117391
20.5933815
20.6095736
20.1696575
19.6123914
18.8496962
17.5819021
16.1289643
14.7340173
13.8292991
13.1612621
12.7386735
12.5796561
12.7367618
13.3385388
14.6039438
15.7931273
16.7513259
17.5694847
18.0989919
18.3093875
18.2666574
17.9734626
17.9281113
17.9479006
19.1952572
19.3057865
18.7526988
18.0556756
17.2572839
16.2427132
15.0533992
13.7804404
12.8671921
12.2779403
11.9235407
11.8231531
11.9396843
12.346937
13.3393699
14.4691243
15.6480603
16.7715989
17.5704234
17.885887
17.8364138
17.6557992
18.1383101
19.1625025
20.680228
20.9135401
20.4860075
19.8382473
18.9371855
17.680083
16.1056586
14.6045124
13.8638067
13.4959403
13.442347
13.5724739
14.311155
16.0078621
18.4969965
18.8358339
19.2465763
19.5555633
19.7824403
19.8969355
19.841357
19.7462183
19.7571674
20.1873982
22.0096233
22.5688242
22.3400378
21.6310902
20.1382783
18.4739588
16.7160615
15.4634239
14.6033953
14.2131202
14.086539
14.2025908
14.8397325
16.4414766
18.7761175
19.2426967
19.3621695
19.6403922
20.1154805
20.3490645
20.5067651
20.5462672
20.4806263
20.7897596
22.507365
22.9189384
22.6079256
21.8815732
20.8179548
19.2069652
17.5323675
16.1185717
15.3444094
14.9047989
14.7215311
14.792362
15.4407319
17.2071892
19.7233067
20.0870914
20.4856467
20.6521247
20.5446313
20.4487773
20.5040657
20.5340405
20.7899752
21.2054634
22.652585
23.0368834
22.6869992
22.0147126
20.9450445
19.3201196
17.5303546
16.5044807
15.6785689
15.2070482
14.9589282
15.007967
15.6034137
17.2541567
19.7173137
20.1174697
20.5152199
20.6854401
20.7201165
20.3592465
20.2024058
20.0504407
20.2836808
20.6472186
22.2160185
22.5564385
22.362476
21.7384116
20.7528136
19.1170922
17.2833644
15.5919735
14.7154732
14.165648
13.9094166
13.9369134
14.5215228
16.2013012
18.6479732
19.3059208
19.5889648
19.7888348
20.0141751
19.8679697
19.7117397
19.643513
19.7734164
20.225335
21.1139119
21.1275758
20.712347
20.08262
19.1010046
17.7347874
16.1730851
14.8945107
13.9925627
13.4318566
13.0993452
12.9516308
13.1309748
13.7309971
15.0926443
16.3265888
17.6770565
18.4881064
18.5746695
18.3735111
18.1928427
18.0922205
18.397806
18.934893
20.363146
20.5275268
19.9340934
19.2502493
18.4710032
17.4785022
16.3589157
15.1875752
14.3098642
13.6967054
13.3485943
13.2108939
13.3063818
13.6758217
14.7560585
15.768763
16.8701669
17.7187242
18.3248485
18.7279141
18.7545454
18.683239
18.9666982
19.6288289
21.3454898
21.7947336
21.4123043
20.8465086
19.9398165
18.5510804
16.9593218
15.5163797
14.6916267
14.3034692
14.2096375
14.3338495
15.0585226
16.7886554
19.3896812
19.9001434
20.4292297
20.9141999
21.0413325
20.8016835
20.6238484
20.4803982
20.5009123
20.9875325
22.6484206
23.2021846
22.9488275
22.2756479
21.2386537
19.6031969
17.7893043
16.3556226
15.6298511
15.2276861
15.1029462
15.229142
15.8957738
17.6430138
20.0522913
20.3374739
20.6270327
20.8023028
20.7715389
20.6357081
20.6245672
20.7919593
20.9201313
21.2321278
22.5670246
22.9391989
22.593732
21.9090061
20.7885022
19.1202061
17.2830235
14.4277786
13.6172658
13.2117708
13.0664549
13.117283
13.7149451
15.2653392
17.5949941
18.1011456
18.3671662
18.6319002
18.7107055
18.3747201
18.3338775
18.1554186
18.2216057
18.5730054
19.9378111
20.3516868
20.1867902
19.7033391
18.7060099
17.1818419
15.5118923
14.2187637
13.4345748
12.9929791
12.7948746
12.871915
13.5194159
15.0361674
17.2830268
17.5896886
17.8862957
17.8682429
18.0205686
18.0961072
18.2257297
18.2088956
18.1817846
18.5682769
19.9926243
20.4280676
20.2064589
19.707455
18.7524915
17.3136985
15.6927684
14.4278774
13.6762407
13.255967
13.0931316
13.1855627
13.7969775
15.1697972
17.2289742
17.8996324
18.3245579
18.3930308
18.2433575
18.108021
17.8482762
17.8954605
17.9612485
18.00198
19.2552802
19.7658614
19.4978309
18.963048
18.1742688
17.0169411
15.6751436
14.4491213
13.6879635
13.237278
12.9888759
12.9465887
13.1655603
13.7871261
15.0977033
16.0411438
16.8128224
17.2534304
17.551286
17.5434736
17.2862964
17.0491493
17.0655814
17.3100449
18.8390781
19.5282188
19.0950085
18.5157117
17.7584904
16.7574651
15.6011315
14.4720118
13.6449486
13.1634592
12.9107135
12.8093924
12.8807005
13.2546049
14.1847051
15.0171963
16.1991053
17.0070225
17.6358616
17.7981806
17.7628477
17.679882
17.824204
18.1092524
19.4379217
19.8172549
19.3668717
18.6961578
17.7453661
16.3552261
14.7310357
13.1748721
12.3867036
11.9840108
11.7808104
11.8281741
12.4501172
13.9510836
16.1993907
16.6576222
17.1612413
17.5687751
17.5349249
17.4760561
17.4950615
17.0214897
16.922536
17.1812466
18.6897706
19.5447202
19.2669509
18.5812388
17.4572398
15.909241
14.2140501
12.8754875
12.1840393
11.7504609
11.5155972
11.5629101
12.123434
13.5666663
15.8451195
16.2719783
16.4118698
16.7589863
17.2581236
17.4950532
17.5106183
17.5195384
17.569651
17.9366709
18.991751
19.1682248
18.8885336
18.3188859
17.3322027
15.8392821
14.3189668
13.0531854
12.3472145
11.9208314
11.7556852
11.9352991
12.5852433
14.0991553
16.2632567
16.5468731
16.9449178
17.1639815
16.8339465
16.5033565
16.3569496
16.2865372
16.515951
17.1370684
18.5324439
18.9977264
18.7917877
18.2792254
17.3989536
16.0148843
14.3528834
13.1175137
12.3891873
11.9522248
11.7304551
11.8414224
12.4866784
13.9862886
16.294401
16.8282735
17.5324558
17.9241817
18.1378778
18.0430441
17.9220873
17.855136
17.9889065
18.1125323
19.1572708
19.60713
19.3560624
18.7777937
17.6952325
16.2978644
14.6115377
13.6792278
12.8949751
12.4701292
12.3125088
12.4153068
13.0888452
14.6944741
16.8968348
17.5525443
17.9302928
18.0429001
18.2140528
18.1289738
17.8861215
17.6657865
17.5968357
17.7795834
19.0446436
19.9041918
19.7226765
19.1811485
18.3599564
17.1155827
15.7122699
14.3789687
13.5352689
12.9654757
12.6482076
12.5155735
12.637289
13.1739816
14.427136
15.3344635
16.1215404
16.5613502
16.8260572
16.9734487
16.8046614
16.746354
16.7674421
16.6170986
17.6442847
18.1948279
17.7104881
17.067151
16.3364377
15.3233434
14.160968
12.886751
13.0553718
12.4639633
12.1909675
12.0448417
12.1624784
12.5455628
13.5115515
14.4141515
15.5569999
16.3608532
16.7073213
16.7567782
16.3752194
16.4954189
16.8477521
17.7542066
19.0966345
19.2262319
18.693558
18.020132
17.0260668
15.7482663
14.157348
13.2889932
12.5657805
12.1798291
12.1258603
12.2818219
12.9926082
14.7718709
17.1339725
17.3677273
17.6747848
17.9909287
18.1707786
18.1076167
18.1552182
18.008538
17.9676444
18.5879651
19.4766155
20.5957557
20.40984
19.7761087
18.6918455
17.1452212
15.4144705
14.1113656
13.3582269
12.9121667
12.7374127
12.8670709
13.5684158
15.2579275
17.6343544
18.0501644
18.3083279
18.4893167
18.7069923
18.6860125
18.5038462
18.3030276
18.2550551
19.352149
20.5228477
21.0282522
20.8360102
20.2174488
19.3234616
17.9255513
16.2933937
14.9393407
14.0360037
13.4662922
13.1985371
13.2166406
13.7717153
15.32165
17.680082
18.0091757
18.2399549
18.6184304
18.6874375
18.329267
17.9165548
17.470133
17.3516354
17.7502528
18.6055522
19.7907029
19.6796804
19.164741
18.1286497
16.647904
14.9783433
13.6957649
12.8688197
12.4424251
12.27834
12.3786668
13.0735388
14.854514
17.2952292
17.8238278
18.308217
18.5442278
18.4597463
18.3848008
18.3163735
18.1367907
18.157085
18.6343857
19.6630628
20.6463819
20.4844389
19.915174
18.9313541
17.4133508
15.7665693
14.4618523
13.5983321
13.1549902
13.0060416
13.0996191
13.8019245
15.478389
17.8021335
18.3013479
18.6715598
18.5183936
19.0411935
19.2767253
19.1084174
19.020184
18.9258875
19.3029814
19.7781324
20.452837
20.1918226
19.6306228
18.7240608
17.4160865
16.011784
14.6455826
13.8005031
13.2277053
12.8931187
12.8154931
13.0554438
13.6994715
15.0275431
15.9927037
16.7615911
17.5421371
18.0000413
17.972486
17.619827
17.3468285
17.3408017
17.5500123
18.39929
19.4797136
19.0884236
18.482678
17.6937027
16.7139316
15.5411772
14.3836929
13.6702328
13.0872388
12.8194515
12.7264208
12.8473996
13.2746253
14.166152
14.9202575
15.6924996
16.4365659
17.0523636
17.1945866
17.1140119
17.2387328
17.5537116
18.3482183
19.1362914
19.8487885
19.3289649
18.5429073
17.7830186
16.5566241
15.1359547
13.6951883
12.8685415
12.4473086
12.320278
12.4416616
13.1343323
14.9019977
17.3067616
17.542206
17.9155722
18.2503146
18.3018519
18.2531475
18.4484196
18.8723184
19.1848435
19.8569816
20.6594466
21.3582113
21.1005125
20.4279293
19.4707925
18.0056348
16.2625584
14.9836022
14.229646
13.8246344
13.6640951
13.7356749
14.4464046
16.1606712
18.5107091
18.9831444
19.3267316
19.7037014
19.8800793
19.7168212
19.6491977
19.676121
19.6065466
20.2121072
20.8721325
21.4760291
21.2162554
20.5614319
19.5285145
18.0106913
16.3476726
12.7715573
11.9923984
11.6539147
11.5505293
11.6132625
12.2217555
13.7242046
15.7896984
16.0488151
16.3362077
16.6081225
16.6683885
16.4322228
16.384425
16.2796062
16.5227388
17.2492877
18.1692529
19.1776593
19.1592466
18.6563272
17.7869918
16.400794
14.8410478
13.6458326
12.9935634
12.6945529
12.5889337
12.7113656
13.3625253
14.9061354
16.9371253
17.2106541
17.4863465
17.6970692
17.8598919
17.8446931
17.7499998
17.6626988
17.7161503
18.1949562
18.9385096
20.2745292
20.2750611
19.8054594
18.8867057
17.4555152
15.842902
14.5801544
13.8078547
13.4129145
13.2439089
13.2589236
13.7399585
14.9703894
16.6616273
17.5622163
18.0826536
18.1494749
18.2260721
18.2583962
18.2205039
17.9798394
17.689631
17.7650631
18.3985618
19.5351504
19.4987172
19.0988825
18.3538367
17.2550275
16.0668234
15.0588195
14.3980128
14.0353344
13.8600056
13.9216361
14.1944497
14.7717225
15.7663458
16.7452904
17.8021482
18.5216919
18.8898251
18.9441044
18.6723383
18.4640291
18.3771283
18.7353634
19.4271426
20.6529574
20.3800864
19.8761544
19.1959975
18.2438307
17.1807104
16.133608
15.2840373
14.8130039
14.5224599
14.4060589
14.5201966
14.978275
15.7045951
16.4404223
17.1522381
17.6696579
17.9808041
18.0943898
17.9181014
17.6588201
17.5521089
17.9495678
18.730164
19.8925836
19.5988054
19.0304182
18.2833261
17.3457327
16.1586563
14.8480201
14.1057309
13.5957727
13.355098
13.2245351
13.3065401
13.63582
14.2338836
14.72841
15.2258418
16.106961
16.862983
17.5769379
17.7880773
17.7404521
17.8203842
18.3195548
18.9311856
19.3620414
18.951034
18.3169208
17.4118076
16.0786206
14.5282735
13.2824573
12.522569
12.1160165
11.9843959
12.1946043
12.8060256
14.2150241
16.1744411
16.5363741
16.9715166
17.4352813
17.7649068
17.8074096
17.7054225
17.4826919
17.4238908
17.8810106
18.6756378
19.4265361
19.2342793
18.5877041
17.5427477
16.0453822
14.4108662
13.131779
12.3377973
12.0050833
11.8977863
11.9999037
12.7036285
14.1243394
15.9780246
16.3835555
16.6515664
16.9547398
17.09976
16.9304471
16.7370137
16.5229208
16.5113883
16.9888631
17.6142242
19.0956518
19.2082099
18.7454268
17.8048869
16.3716463
14.8115652
13.6309196
12.9058021
12.5715
12.4668465
12.555206
13.1449081
14.6356045
16.4455347
16.716747
17.0227878
17.2411132
17.3705332
17.3234108
17.1639572
17.0352036
17.0648674
17.4009322
18.047032
19.3656411
19.3322105
18.8534404
17.8571249
16.4329989
14.837671
13.4251573
12.6697351
12.2367822
12.0344038
12.029372
12.5322188
13.9231272
15.9205373
16.4512523
16.9046224
17.0720395
16.9566998
16.744054
16.3928385
16.4627763
16.578211
17.0341135
17.4807472
17.9172282
17.6222061
17.0553742
16.1561764
14.9460528
13.6262323
12.412627
11.6260476
11.0977241
10.845099
10.7434066
10.9129624
11.4327612
12.3434848
13.2044558
14.0272016
14.7141031
15.1137609
14.8780091
14.5868618
14.307603
14.0600137
14.4269785
15.4559041
16.3452441
16.0514262
15.4953349
14.7484576
13.8788228
12.8238492
11.6978806
10.9354517
10.4572451
10.187066
10.0681429
10.1965443
10.5762329
11.3071299
12.1587243
12.9676476
13.5861458
13.9371846
14.3745154
14.3064043
14.4259811
14.4721289
14.9549262
15.672576
17.1700593
17.1263193
16.5993915
15.7137029
14.4791988
12.9953511
11.6770823
10.9824945
10.6703826
10.5707517
10.7016633
11.377433
12.8164919
14.6235581
14.8649516
15.0200563
15.2772324
15.4264439
15.3815461
15.2662188
15.223495
15.3885729
15.8427469
16.4350928
17.9345183
18.0739071
17.5297378
16.5606638
15.0712228
13.5408514
12.3101893
11.5894017
11.2371818
11.0915053
11.1858403
11.8123259
13.2430856
15.0534635
15.1999838
15.2012397
15.3676668
15.5108285
15.505435
15.416322
15.3387438
15.459131
15.8223317
16.4976436
17.8658923
17.9545481
17.4501039
16.4207627
15.1132214
13.5804655
12.3710391
11.6769239
11.299265
11.1309287
11.2355369
11.8579041
13.3100327
15.5399291
16.0106195
16.4548213
16.9500793
17.3060667
17.3709335
17.2950871
17.1298659
17.2539222
17.7958289
18.3229104
18.7506835
18.4342294
17.747838
16.6370897
15.1687795
13.5437267
12.3627917
11.5556039
11.2072792
11.0273648
11.116903
11.7638242
13.1931768
15.039711
15.5088741
16.0291171
16.4445447
16.6880581
16.8106566
16.8877968
16.9383661
17.0716219
17.512241
17.8543705
18.7844795
18.8627313
18.3586351
17.3884518
16.0217836
14.4835546
13.3911862
12.6991765
12.3094341
12.2471512
12.3694328
13.0108067
14.4024491
16.1245199
16.5219386
16.712806
16.765302
16.7037164
16.5003152
16.368643
16.206479
16.2389727
16.6258063
16.9992782
18.2466936
18.3704955
17.9132669
17.0648525
15.9193439
14.551887
13.3416926
12.5433525
12.0737277
11.8030559
11.6947513
11.8282902
12.3588116
13.3346895
14.3288277
14.881882
15.3561873
15.6738034
15.7863208
15.4970846
15.3931592
15.443369
15.9686276
16.4645568
17.3365515
16.9822846
16.377404
15.5818177
14.5182739
13.4089969
12.312139
11.5073197
11.0000001
10.7236204
10.6277899
10.7299355
11.1200982
11.7577534
12.6596113
13.2946946
13.7100784
14.0925099
14.1128831
13.8881687
13.6916862
13.834979
14.2918632
14.9888572
16.4875004
16.400429
15.7736495
14.8737772
13.6298724
12.350694
10.915089
10.0862808
9.6696619
9.5048594
9.7399167
10.5501207
12.0584782
13.7940975
14.2021896
14.9896771
15.5406994
15.6608367
15.5527443
15.3921707
15.0876541
15.5657393
16.5970072
17.4481762
18.4064878
18.4429752
17.9794195
17.0554523
15.6287703
14.0338098
12.7743363
12.0932616
11.7420472
11.6028607
11.6979904
12.3274784
14.0840625
15.6093767
16.1977926
16.8103505
17.3952408
17.8011318
17.8911801
17.8812614
17.8029016
17.8832407
18.3154067
18.8503519
19.8849032
19.7922082
19.1890123
18.0508551
16.5783202
15.0308099
13.9413966
13.2464402
12.8502623
12.7056316
12.7975739
13.3752913
14.917859
16.2059845
16.6214879
16.9146924
17.2093524
17.2555023
16.9550907
16.7690557
16.5984989
16.6017579
17.0421369
17.5817997
18.9166072
19.200456
18.6826547
17.62592
16.1286234
14.5656281
13.359909
12.6231784
12.2552701
12.1320034
12.2208316
12.8266661
14.4789521
16.0380429
16.4341914
16.710187
17.0249009
17.2688724
17.3941681
17.3693689
17.1233993
16.9671472
17.2103197
17.5680526
18.8182777
19.0312501
18.5262813
17.5746033
16.2344077
14.6947531
13.4358232
12.6532439
12.2459101
12.0632339
12.1500846
12.7267562
14.3486322
15.7272792
16.2949979
16.4991099
16.446479
16.3975286
16.2189343
16.091417
16.0840775
15.9728196
16.1597524
16.4512742
17.5826396
17.8261393
17.3531331
16.4588136
15.3332788
13.9835683
12.8727537
12.1045731
11.6227671
11.3728959
11.3020244
11.4718388
12.3097963
13.0398533
14.343969
15.4645167
16.1377734
16.5181447
16.3567511
15.8032317
15.4609853
15.3985663
15.5279208
15.8748526
17.090997
17.150115
16.5899115
15.8571671
14.9042357
13.8505049
12.7291396
11.9590247
11.5381258
11.3190941
11.2370646
11.3802919
11.9953117
12.4313271
13.1213657
13.7422212
14.2468496
14.6086671
14.7411978
14.5653032
14.4063921
14.5695138
15.072389
15.7828244
17.2987045
17.4696225
16.9532973
16.0254937
14.7280056
13.2806766
11.8941676
11.0986675
10.7439751
10.5818581
10.6714367
11.2495145
12.9334929
14.2940121
14.5938791
14.9312692
15.1709529
15.3532275
15.1949112
15.2479148
15.2173211
15.2776305
15.5800027
16.0327003
17.0064206
17.1525582
16.5799528
15.540682
14.1196836
12.5258432
11.3282
10.6319522
10.2756763
10.1297124
10.2049403
10.8146454
12.5211773
13.9571508
14.5586081
14.7315286
14.6855057
14.6659283
14.551638
14.4931461
14.5449046
14.4512698
14.9929114
15.4673304
16.4119906
16.7185919
16.2107445
15.1773443
13.8317056
12.4149545
11.211618
10.4987526
10.0920888
9.9694151
10.0391861
10.5997345
12.195694
13.5138157
14.0142454
14.2930575
14.467513
14.7221648
14.5930814
14.3920616
14.3649896
14.4466045
14.5892903
14.900649
15.9032858
16.1102119
15.5766787
14.5858136
13.164991
11.6565818
10.4369514
9.713464
9.3111559
9.1534559
9.1960902
9.7465687
11.4730273
13.1908813
13.8472971
14.4673213
14.864576
15.024711
15.1327597
15.1648032
14.9672698
14.9321073
15.2994082
15.6047614
16.4584418
16.6453817
16.1273585
15.1814303
13.8843922
12.4390426
11.2433681
10.5538791
10.2152387
10.0679558
10.1664378
10.734057
12.4135726
13.9408453
14.670066
15.1239444
15.1742505
15.1738528
14.8215554
14.4439316
14.143377
14.0707247
14.3888475
14.5785274
15.5170849
16.0797771
15.7659883
15.0200593
13.9426948
12.6674946
11.5525671
10.8034234
10.3389479
10.0872611
10.0335428
10.2387349
10.9718989
11.6429358
12.4694239
13.1888523
13.7298299
14.0043282
13.9174335
13.5484238
13.3220044
13.3464329
13.5480747
13.8231885
14.8475048
15.0097993
14.467708
13.7446575
12.8623472
11.7977853
10.7436251
10.0230411
9.5841988
9.3693487
9.3830043
9.6391542
10.2434217
10.82376
11.8197319
12.7595596
13.3914089
13.7003827
13.7296708
13.5965509
13.6351235
13.8591394
14.1631473
14.5156187
15.4276998
15.6117461
14.9913253
13.9626782
12.558389
11.2640589
10.3206368
9.885317
9.6882944
9.731641
10.1537902
11.2366671
13.0852697
13.9653322
14.4768067
15.1141794
15.5507577
15.6844607
15.6406315
15.4628182
15.3228874
15.3389084
15.5611519
15.6976812
16.251644
16.1260867
15.2822566
14.0699361
12.5356113
11.2251057
10.3471812
9.8741783
9.6453528
9.6546269
10.0717589
11.2005803
13.0479002
13.8044474
14.3145644
14.8327217
15.1739512
15.0720085
14.8006103
14.4932877
14.3653788
14.3577981
14.5664307
14.6769745
15.4511663
15.6648713
14.955394
13.7623385
12.3883685
11.1804738
10.3280241
9.8664794
9.650964
9.6698198
10.1239623
11.337807
13.1967366
13.2638905
13.8229063
14.2993588
15.5353056
14.8825203
14.7806219
14.494891
13.7650406
13.3934432
13.6588359
13.6891442
14.5632224
14.694399
14.0419009
13.7705836
12.3004851
11.0533967
10.2377874
9.8105169
9.6348212
9.6524201
10.0928505
11.2609161
12.8293806
13.3764927
13.8783134
14.3050462
14.4363067
14.8469839
14.8429807
14.5790128
14.5061745
14.610163
14.9232444
15.0046757
15.744544
15.7714537
15.062178
13.9971231
12.6091613
11.4158746
10.5852593
10.1457934
9.9360942
9.9397597
10.3408079
11.4709586
13.0622356
13.7878703
14.2174869
14.5193727
14.8013864
14.9096216
14.664426
14.1098884
13.8035428
13.8079791
14.1233981
14.2059003
15.0428395
15.724626
15.2581027
14.3127862
13.1278989
12.0628742
11.28355
10.8061775
10.5439737
10.4684859
10.6353956
11.1904903
12.1694459
12.976457
13.7028483
14.2328758
14.5326586
14.5450667
14.2880777
13.99119
13.7537663
13.820197
14.1916605
14.2824514
14.9630853
15.402576
14.8932718
14.0854426
13.1309445
12.1194711
11.3342438
10.8547969
10.6097604
10.5108448
10.5879145
10.9498032
11.5668451
12.2561709
12.9461747
13.4892206
13.950167
14.0989771
13.9757489
13.7403076
13.6539606
13.8762183
14.4227519
14.709937
15.4675774
16.1291608
15.5531154
14.3411777
12.868752
11.6326696
10.8923129
10.5217519
10.3873624
10.4694917
11.0529368
12.3953886
14.3884902
14.6314599
14.8817315
15.110503
15.1522769
15.136863
15.0851176
14.9259735
14.8498469
15.1118159
15.581917
15.6781746
16.3001474
16.7614096
15.9932978
14.6552945
13.0662827
11.8653303
11.0959244
10.6740226
10.5230387
10.594918
11.181745
12.5575765
14.3693843
14.7867707
15.1435556
15.4274164
15.6624014
15.3453432
15.2600664
15.1769505
15.1251951
15.4383931
15.9418551
16.2882699
16.8271066
16.7247068
15.8779864
14.4465178
12.9220609
11.6331375
10.8369277
11.057677
10.8877388
10.9147446
11.4469198
12.8950891
15.0389828
15.632425
16.0388583
16.4167456
16.6133043
16.3867282
16.2757825
16.1248857
16.1402361
16.5580563
17.0880206
17.2521654
17.8028535
17.8755574
17.0893498
15.7483255
14.2026333
12.9533519
12.2353978
11.7383808
11.624524
11.6614106
12.2716632
13.6795089
15.844714
16.6159057
17.2854532
17.8372692
18.1076375
18.0731022
17.9210221
17.8905856
17.6435622
17.6042576
17.6874738
17.6340706
18.1556703
17.9406473
17.1671509
15.9921317
14.6102924
13.3400338
11.7614652
11.1733037
10.8184938
10.67899
10.7942774
11.200208
11.9667618
12.808543
13.9608401
14.7555069
15.2830427
15.4061608
15.1911635
14.8101466
14.5960298
14.5774807
14.9143927
14.7057053
15.0442982
15.599346
15.1619279
14.3525521
13.2888773
12.2598588
11.5104522
11.0293039
10.7749336
10.7075578
10.8413794
11.2848032
12.0999346
13.0259309
13.9537414
14.5334891
14.7804221
14.4881846
14.0403502
13.6694496
13.4548301
13.5085044
13.849146
13.8948169
14.393776
15.1351938
14.7619874
14.0175414
13.033158
11.91548
11.1344521
10.6538984
10.3794756
10.2675672
10.359671
10.7105363
11.3438672
11.9568764
12.500499
12.9108313
13.2301608
13.2955762
13.0407109
12.7392232
12.4753385
12.440783
12.9054873
12.9561605
13.569338
14.335977
14.0109217
13.1452482
11.8560976
10.7111597
9.9850414
9.5576419
9.3894037
9.3768771
9.7874232
10.7936229
12.4122433
13.416918
14.1828065
14.7919819
15.4341957
15.6636564
15.5209287
15.3176506
15.2102078
15.2647759
15.7049631
15.7177048
16.028007
16.4884304
15.6941978
14.3168565
12.7584767
11.4653197
10.6271467
10.2438177
10.1120468
10.1724991
10.7579136
12.2403984
14.0277889
14.2853761
14.3363557
14.4593399
14.5408024
14.4688416
14.2821451
14.0744174
13.9569045
14.1123189
14.4413978
14.4958353
15.1252711
16.0398234
15.3824029
14.0658708
12.5655813
11.3177313
10.592421
10.2391773
10.0921174
10.1761105
10.7102267
12.1336957
13.8295002
14.1647884
14.1413188
14.2206644
14.2323006
14.1419684
14.0901618
13.8292575
13.8407063
14.0883175
14.5814883
14.7059443
15.2663202
15.7921604
15.0594584
13.6383431
12.137181
10.8522644
10.049033
9.5957244
9.4255329
9.4365173
9.9555318
11.3191377
13.4648781
13.9595271
14.3341388
14.7684887
15.1405475
15.1838067
15.0922574
14.8762512
14.7506533
14.9794514
15.0913158
14.9316656
15.4479675
15.5468818
14.7672701
13.4620021
11.9500453
10.6180745
9.8201793
9.3890953
9.2103219
9.2195882
9.8398635
11.3410302
12.8592321
13.389968
13.808755
14.2321601
14.4098073
14.2338696
14.1398132
13.8887828
13.6180925
13.66065
14.084413
14.2795079
14.4490613
15.1859194
14.7201101
13.6862244
12.4033094
11.2533022
10.4437414
9.9528767
9.685277
9.5963797
9.8722459
10.6490191
11.4233345
12.4018054
13.4157914
13.6921198
13.9112062
14.0634318
13.986908
14.0466287
13.8036166
14.2349246
14.7159792
14.8376116
15.1386781
15.4627071
15.0551619
14.120756
13.0307066
12.0534271
11.2762387
10.882836
10.7174603
10.6999595
11.0153692
11.498073
11.8645381
12.6977003
13.5264809
14.1518305
14.5908854
14.8571419
14.8461417
14.8811147
15.0944387
15.7632788
16.5654007
16.8002728
16.982723
17.1175907
16.409955
15.1294886
13.6491003
12.4569839
11.6974209
11.2799391
11.1580095
11.2356163
11.9213537
13.4555484
14.932789
15.5443705
15.9692313
16.3789346
16.454501
16.3323138
16.0075462
15.765262
15.5519399
15.6334292
15.8927412
15.9537915
16.3648998
17.3584899
16.7855722
15.384904
13.8017061
12.4895002
11.8034165
11.4487975
11.3153483
11.4153671
12.1433544
13.626966
15.1180262
15.3848293
15.6291445
15.8090345
15.9628051
15.8491781
15.664578
15.4490201
15.3306821
15.5191637
15.7968492
15.9851508
16.3939569
17.336436
16.6997188
15.2994916
13.6701866
12.4108305
11.5340609
11.13503
10.9661628
11.009083
11.6736685
13.2375615
14.7466003
15.4103109
16.0245358
16.6938697
17.0119769
17.0988238
16.8719472
16.7298133
16.6200278
16.8205282
17.1156467
17.2835642
17.5052413
17.5776888
16.6479301
15.1054139
13.4272782
12.0393474
11.2902605
10.8729819
10.6444439
10.6253823
11.2765806
12.8538634
14.6002209
14.9898534
15.1499465
15.4521667
15.6153176
15.6590891
15.6320439
15.398646
15.2775612
15.6484322
16.1150325
16.259416
16.7069797
17.0299404
16.2753994
14.9235342
13.3898448
12.1131468
11.3098455
10.9673249
10.9048905
11.0315887
11.7453548
13.3660497
14.8938536
15.3131604
15.4488273
15.6122399
15.6322913
15.5839614
15.4516303
15.0762956
14.7771499
14.8520847
15.0708159
15.1156333
15.4067434
16.3876607
16.0749747
15.1161057
13.7563075
12.5904079
11.7718171
11.3200275
11.1042339
11.0638258
11.4214825
12.0448787
12.7778784
13.8523471
14.6736607
15.1923452
15.4452966
15.4170369
15.161872
14.8897807
14.6669117
14.765605
15.112173
15.2980535
15.5276006
16.4065908
16.1167657
15.2651968
14.0088635
12.9402623
12.1607362
11.6654393
11.3777538
11.2870508
11.5498352
11.8996441
12.2746872
13.2935817
14.2301907
15.2061932
15.7447419
15.6005273
15.5072976
15.4932438
15.5311019
15.9789995
16.75048
17.1414206
17.3478841
17.4791459
16.7889109
15.4071846
13.8143362
12.4354686
11.6765644
11.2639906
11.0611462
11.0685459
11.7282273
13.2233261
14.9687311
15.6888848
15.9251246
16.3815285
16.5310565
16.3189165
15.9857227
15.7278949
15.5928262
15.8864855
16.1991434
16.141916
15.9966045
16.1941971
15.4882201
14.1299351
12.5747159
11.3761234
9.4257157
10.3352407
10.2095076
10.3000714
9.7408446
12.5105716
13.8923147
14.1998356
13.0877575
13.3807957
14.8935589
13.6271344
13.517637
13.3887608
13.4040762
15.0625119
15.3143027
15.4630581
15.592091
16.2946401
15.7447171
14.4076174
12.8570973
11.601084
10.9002573
10.5391906
10.3921686
10.4732586
11.2275226
12.6344951
13.9810953
14.1683783
14.2408212
14.3772766
14.487404
14.4333907
14.513196
14.3028913
14.018886
14.2172315
14.6191296
15.0765764
15.1111919
15.8627598
15.4304298
14.1265026
12.5567032
11.3875547
10.6851385
10.3101106
10.1912772
10.2580024
10.9713495
12.4057188
13.7024367
13.9015399
13.9768143
14.1244427
14.2314053
14.1834466
14.0321017
13.8647717
13.7675834
13.9409507
14.1946798
14.276006
14.452432
15.3368146
15.033334
13.7931537
12.3343059
11.1254171
10.3711819
9.9641791
9.8139101
9.8694637
10.5141756
11.7435111
12.8782578
13.4379742
13.7151876
13.9048775
14.0324312
13.9720274
13.7733335
13.5256359
13.3579497
13.3527621
13.5449227
13.5607497
13.6180141
14.4466928
14.2155634
13.2180921
11.9543585
10.7997247
10.0245681
9.5834189
9.3488157
9.259725
9.5756552
10.0916103
10.7841086
11.7695165
12.5644869
13.0071735
13.2348449
13.200642
12.948915
12.6611872
12.4917242
12.5432295
12.8124226
12.8550274
12.8309449
13.5588386
13.4250285
12.5966757
11.5191509
10.4637997
9.695902
9.2209461
8.9587536
8.8550084
9.1000737
9.3724083
9.8112515
10.6479496
11.4018614
11.9821512
12.3373803
12.4869115
12.3049139
12.1335808
12.0672419
12.2518883
12.7684328
13.0058043
13.0776419
14.0165712
13.8428121
12.6105435
11.0439585
9.8244473
9.032735
8.6311611
8.4872031
8.5097724
9.1994095
10.516823
11.9842359
12.4223336
12.7548931
13.1177576
13.3967252
13.4764524
13.5030399
13.4565235
13.4699867
13.698975
13.9330693
13.8948738
13.9713626
14.7657388
14.1606807
12.6552071
11.0594484
9.8116723
9.0272667
8.6187195
8.4478607
8.4869146
9.1313439
10.4889717
11.9338029
12.3743247
12.6816176
12.9950406
13.2157313
13.2352815
13.1966721
13.0858875
13.0578407
13.2783858
13.5780998
13.6522585
13.68301
14.4700244
14.1376464
12.7503906
11.1173605
9.893145
9.1870796
8.8209619
8.6760013
8.7362409
9.4167535
10.7151909
12.1414169
12.596126
12.8092426
13.0647174
13.2456252
13.2653471
13.1846556
12.9141029
13.0345476
13.2632629
13.5546822
13.5847792
13.7039933
14.5175877
14.1892294
12.876006
11.2553786
10.0050623
9.2977225
8.9131264
8.7476274
8.7889113
9.4346613
10.7874491
12.2525246
12.8184138
13.2872682
13.348237
13.6596619
13.6542627
13.7259693
13.6781645
13.6671128
13.7837568
14.0686193
14.3223647
14.6471871
14.9379562
14.2288896
12.8502459
11.2898153
10.0780751
9.2433957
8.8655929
8.6585388
8.6775269
9.3243642
10.6420078
12.081713
12.7612611
13.2198458
13.5763676
13.7659834
13.7157507
13.6150493
13.4378465
13.1402647
13.2623306
13.3671441
13.2549225
13.2888032
13.9754967
13.7085858
12.7060392
11.4770033
10.30664
9.5010572
9.0491582
8.8177644
8.7364388
9.044388
9.4657325
10.2855055
11.3575692
12.1975473
12.7487104
13.0372706
13.0458964
12.8117079
12.5631942
12.4172495
12.4800244
12.7863342
12.7946303
12.7257116
13.4248896
13.4169164
12.6420972
11.5596132
10.5249082
9.6655782
9.1886514
8.9134325
8.810871
9.0678513
9.2696146
9.7767867
10.6075258
11.5359468
12.1508166
12.4899534
12.5843762
12.4293581
12.3047472
12.4108478
12.7992945
13.4039893
13.6902652
13.7436559
14.319346
13.8953952
12.7270034
11.1888295
9.9776578
9.1795218
8.8100918
8.6519511
8.6911438
9.3579933
10.7054115
12.3370189
13.1699118
13.8916561
14.3875122
14.7629566
14.378297
13.9512513
13.5805619
13.4500148
13.9280515
14.8112822
15.2899497
15.1642075
15.4617013
14.8166389
13.385482
11.7959478
10.5543106
9.9314372
9.5686416
9.4847301
9.571895
10.2090366
11.7413585
13.3916687
14.1448091
14.6935287
14.7973666
15.1074806
15.0770772
15.0871862
14.8659291
14.8522353
14.9785419
15.1010046
14.8722096
14.6505781
15.1620439
15.0512284
13.6994708
12.1494415
10.9334572
10.2080894
9.8156523
9.6485072
9.722229
10.4160524
11.658755
12.9849123
13.262021
13.4062525
13.5875048
13.740829
13.7011285
13.6129836
13.4247381
13.2894281
13.4620365
13.725896
13.7756205
13.8505794
14.7283689
14.6618002
13.3896072
11.9040177
10.6376967
9.9122979
9.5087558
9.3570195
9.4219249
10.0891032
11.2921018
12.8105203
13.2338296
13.2892122
13.6636964
14.0568096
14.1802477
13.9396168
13.8071082
13.8691802
14.0031859
14.2870434
14.3385187
14.4634295
15.057015
14.7338458
13.4453772
11.942959
10.6693784
9.8887724
9.4761833
9.297132
9.3291673
10.0035507
11.1469778
12.6316604
13.3095791
13.6710484
13.9013572
14.0799153
13.9048463
13.701573
13.6460081
13.4169664
13.3359518
13.4821176
13.6010547
13.6795346
14.190013
14.1335753
13.13082
11.8477937
10.711814
9.9676299
9.4902792
9.2296766
9.1448509
9.4401825
9.7748221
10.5393495
11.47127
12.2111407
12.6435485
12.9113881
12.8797739
12.64785
12.4028633
12.3207489
12.3797784
12.7303797
12.8801434
12.8658463
13.5349516
13.3705823
12.5542637
11.4030845
10.3621286
9.5721445
9.0694585
8.8087882
8.8618975
9.0759447
9.2377494
9.8644029
11.0042455
12.2079322
13.195116
13.737071
14.0584624
13.9110943
13.7586189
13.7796692
14.0606936
14.469394
14.6480664
14.5162046
14.614536
14.1442328
12.9699103
11.5565821
10.2790834
9.5074439
9.0798725
8.9129936
9.1371389
9.7727363
11.0338785
12.6627373
13.3973524
13.850939
14.0548953
14.1790987
14.1944271
14.0287606
13.7917959
13.5152637
13.5124207
13.7230355
13.9002521
13.8604221
14.3457145
14.4099192
13.1591574
11.5410149
10.3304356
9.508732
9.0335643
8.8881724
9.1350752
9.8023303
10.7894892
12.2225891
12.6033765
12.8153882
13.0627016
13.2215514
13.1812723
13.119263
13.2157511
13.300852
13.4892374
13.8698982
14.0713747
13.9968424
14.4146576
14.1490507
12.865063
11.3562933
10.052508
9.3451707
8.9878026
8.8463267
9.0898724
9.7060478
10.6634456
12.0546039
12.4857829
12.802535
13.0225393
13.1930508
13.1927342
13.1260914
13.0588445
13.0276359
13.194428
13.4661745
13.6032226
13.6103048
14.1365758
14.1261213
12.8099426
11.2288272
9.9804729
9.2350242
8.8008866
8.6382575
8.8751552
9.4709481
10.4783283
12.0527554
12.8177941
13.1885629
13.478937
13.7402813
13.6214476
13.4958957
13.439094
13.3196949
13.6097403
13.7500451
13.8015407
13.7258871
14.0245498
14.0161639
12.8277024
11.2807048
10.0596802
9.2054392
8.7813012
8.5883421
8.7980041
9.3571905
10.3029814
11.779943
12.3265214
12.6685616
13.0395616
13.2623722
13.2692507
13.2016459
13.1065032
13.0305467
13.1370859
13.3081445
13.2774486
13.1447816
13.4747309
13.635127
12.6294844
11.2351376
10.0436856
9.208318
8.6975322
8.4324849
8.5095977
8.707699
8.8520914
9.7777384
10.8583325
11.7405197
12.2844552
12.5951636
12.7753812
12.9288727
12.8329001
12.7275404
12.9073029
13.2687393
13.0754817
13.0638549
13.315915
13.0079035
12.1503197
11.1017513
10.0421093
9.2510564
8.7530556
8.4609268
8.5275661
8.7071322
8.780483
9.4563206
10.3332103
11.1252697
11.6738256
12.0387433
12.5210254
12.4909793
12.4969639
12.2141455
12.3861263
12.5993494
12.9271758
12.9277432
13.1608526
13.5257957
12.589396
11.0266387
9.809223
9.0806602
8.7245274
8.6001966
8.8529967
9.478789
10.4622529
11.9588305
12.4288756
12.7462682
13.1205279
13.340999
13.2659449
13.1442495
13.0212271
12.9239756
13.1237446
13.4580889
13.6471732
13.6697015
14.0324992
14.1700477
12.834443
11.2267332
9.9443273
9.1895367
8.7987393
8.6528519
8.9029215
9.5068959
10.454949
11.9581699
12.4516718
12.792257
12.9855317
13.2209275
13.2082504
13.0892327
12.9652151
12.8977921
13.168942
13.4483745
13.5873278
13.5147601
13.8695862
13.9957219
12.7063058
11.1044955
9.8878719
9.1416413
8.7731119
8.6346097
8.8501879
9.4079533
10.4074088
11.8157087
12.3108371
12.6206369
12.9058147
13.1112768
13.1871642
13.2121342
13.2157894
13.2530504
13.4418159
13.7527936
13.8385341
13.7183593
13.8219584
13.9605535
12.780486
11.1801058
9.8710049
9.1025213
8.7319117
8.5776102
8.7887649
9.3148795
10.2848711
11.7671295
12.2953478
12.674845
13.0336705
13.3559192
13.425362
13.4478341
13.4863421
13.4840779
13.69696
13.9490875
14.0216862
14.1093673
14.2025863
14.0724149
12.7557698
11.1912379
9.9517081
9.09692
8.6691541
8.4881449
8.6553091
9.2061819
10.2343211
12.0042947
12.7262398
12.993434
13.4134161
13.6678456
13.6852274
13.7018294
13.6531229
13.4386957
13.4899986
13.6939463
13.700249
13.5055517
13.8618778
13.8668231
12.7690168
11.40939
10.1562691
9.2898954
8.7765015
8.4835828
8.5453491
8.7347688
8.9728529
9.7748257
11.144152
12.4682431
13.2697324
13.9700722
13.7847763
13.3097043
13.0898029
12.9653079
13.0368211
13.2444123
13.3064734
12.9818394
13.0089367
13.3161164
12.6055446
11.5429712
10.4585613
9.6462047
9.1420895
8.8915589
8.954819
9.1433012
9.2049027
9.8641996
11.045175
12.1292052
12.7556335
13.1702538
13.3484187
13.2029444
13.1398965
13.1145865
13.3628336
13.7190647
13.8069307
13.8769663
14.2021337
14.3830223
13.2812396
11.7388616
10.4426213
9.6570295
9.2593459
9.1113913
9.3536128
9.9876477
10.940765
12.4190195
12.8939967
13.0837109
13.346351
13.5677414
13.410558
13.3211574
13.4351457
13.35006
14.1749606
14.4524317
14.160672
14.4294002
14.9004666
14.2751198
12.8733034
11.262542
10.0561911
9.3016427
8.9254834
8.7709096
9.0197965
9.5439516
10.5469981
12.2604178
12.8243114
13.0372582
13.1102449
13.2624225
13.2811979
13.254862
13.1375012
13.1423397
13.3004511
13.5052429
13.6114629
13.5404812
13.6595337
14.0172633
12.9024903
11.2261292
9.9561091
9.1937897
8.8246459
8.6729876
8.8986636
9.443834
10.3961528
11.8560353
12.4018693
12.6747136
12.9612499
13.2027065
13.2395332
13.2008852
13.0913079
13.1097401
13.4573178
13.6913477
13.7549804
13.6573118
13.7955772
13.9845675
12.7844591
11.1683017
9.8936568
9.0753329
8.6985608
8.5631554
8.7559169
9.3116004
10.3332983
11.9784227
12.583627
12.7867783
13.0592988
13.3629458
13.5486618
13.609888
13.6219705
13.4291049
13.4841427
13.7510332
13.8089999
13.7040594
13.93922
14.013998
12.8481464
11.2313041
9.9025771
9.0948499
8.7231381
8.5346546
8.72323
9.2076091
10.0686002
11.5930336
12.281243
12.7768204
13.1857711
13.4686626
13.4876656
13.3997664
13.2721747
13.2000553
13.3237422
13.4891106
13.4854559
13.2526346
13.3833991
13.6338858
12.6255985
11.2531101
10.0649172
9.1966697
8.7125413
8.4193362
8.4794671
8.6689786
8.741689
9.474899
10.5631924
11.4202368
12.0304248
12.4559861
12.5709768
12.5262166
12.4321073
12.3859436
12.4497136
12.5898989
12.6102317
12.4792214
12.5965583
12.740259
11.9518888
10.9564586
9.8751151
9.1078398
8.6121681
8.3168121
8.3227431
8.4097106
8.2951863
8.872326
9.7557865
10.6973256
11.2883615
11.740631
11.9298879
11.8936124
11.8260257
11.8330635
11.9682181
12.2752564
12.4268576
12.2427507
12.1869097
12.5865202
11.9297017
10.8322977
9.7865149
8.9848295
8.4857049
8.2073886
8.258458
8.2813238
8.2779334
8.8193368
9.7067168
10.6519363
11.4605252
12.1452834
12.4721335
12.4095454
12.3110843
12.3717645
12.6579612
13.1921394
13.4796608
13.4204852
13.5504677
14.004036
13.1130545
11.6218704
10.1977473
9.2798171
8.7740915
8.510052
8.6386859
9.0072438
9.8947145
11.6125728
12.5353073
13.2864439
14.0399906
14.626303
14.8920687
15.0805558
15.2882189
15.5161855
15.9822204
16.373538
16.5969433
16.4472642
16.1989679
16.4966476
15.1409432
13.2111427
11.5335621
10.444183
9.8162616
9.4496592
9.4970505
9.8546523
10.8135518
12.5529742
13.4948059
14.0469751
14.9897921
15.7677791
16.1216045
16.4061297
16.6021229
16.9422492
17.6634263
18.0630757
18.1534341
17.9122886
17.845349
17.8435231
16.5136076
14.5341865
12.7617984
11.5773075
10.8294262
6.6823738
10.3412736
10.6518746
11.432841
13.1361962
13.9270421
14.4715268
15.0896403
15.3835354
15.861371
15.7279041
15.4752994
15.6136883
16.2722856
16.6963004
16.7645759
16.4125835
16.0621863
16.373237
15.1134467
13.3217372
11.6717982
10.5384572
9.9363606
9.6187333
9.6920849
10.1225501
10.9870575
12.9011617
14.1568388
15.2885182
16.382688
17.1592488
17.679789
18.1473715
18.5323529
18.730449
18.8937633
19.2267242
19.0729576
18.6168336
18.3659995
18.4606774
17.3085706
15.6147294
13.9973847
12.693129
11.7417479
11.1116184
10.810524
10.6588022
10.7610226
11.9908952
13.7685643
15.4946077
16.9527837
17.9685189
18.6934212
19.0735795
19.4885357
19.9304323
20.1133721
20.2551363
19.9741485
19.2345537
18.5601868
18.6872666
17.7040608
16.3336273
14.8425658
13.5713372
12.6681135
11.9944403
11.6705033
11.471777
11.3786697
12.3068493
14.092608
15.9992279
17.612637
18.7451278
19.570266
20.1071498
20.3688941
20.2861612
20.2326275
20.0705752
19.9994538
19.5325175
19.2390594
19.5023399
18.0915401
15.8913093
13.9282708
12.5357749
11.7721702
11.2639117
11.198914
11.4448871
12.3379014
14.3682783
15.669235
16.7508898
17.6876901
18.4791716
18.8115472
19.0430179
19.2093571
19.4851132
19.944973
20.2217496
20.1323004
19.5152783
18.702584
18.5812809
17.0972313
14.9724509
12.9623321
11.6815574
10.8647678
10.3842439
10.3210751
10.6068801
11.5391512
13.4129863
14.6048232
15.5394182
16.3975258
17.082514
17.3864122
17.6432669
17.8764545
18.1991508
18.6057929
18.7855252
18.3162702
17.6556612
16.7698956
16.6273583
15.2437636
13.1885063
11.4481182
10.3883428
9.7438239
9.3726016
9.5202976
9.6844696
10.6021125
12.1900652
12.9132796
13.4837754
14.1105971
14.4937859
14.5880374
14.6848851
14.7435336
14.8430084
15.2025972
15.3529767
15.323454
15.1705265
14.8642835
15.0241873
13.8573881
12.14542
10.620475
9.8002739
9.3245092
9.0772248
9.333158
9.6615957
10.6586632
12.3758515
13.3654157
13.843766
14.7245603
15.538769
16.1924463
16.7054111
17.1539606
17.6270097
18.2154754
18.6491949
18.9123786
18.5444636
17.8845702
17.7002896
16.2181548
14.101214
12.3086144
11.0621043
10.3119875
9.8688483
9.9488986
10.0782868
10.9804378
12.8394875
13.9322688
14.9361835
15.8164571
16.4680258
16.850036
17.0561761
17.2034361
17.339271
17.4717337
17.76522
17.7511801
17.0749964
16.483396
16.484428
15.3706522
13.6810448
12.0933553
10.9319635
10.1507792
9.6864703
9.7336047
9.5904395
9.729648
10.7269904
12.0209916
13.3285044
14.4896264
15.3401192
15.7546521
15.9278528
16.1218548
16.4227798
16.7758501
17.1326398
17.0614357
16.1774324
15.5330605
15.7682768
14.8648478
13.5889243
12.175669
11.0371427
10.3534206
9.8679248
9.8638935
9.8269403
9.9337276
10.4460502
11.5592031
12.8626636
14.0169652
14.7493196
14.993581
15.0322556
15.3494909
15.2673909
15.2999372
15.6042754
15.8145245
15.6455869
15.3206775
15.4783048
14.4033466
12.5724528
11.0294537
9.9687523
9.4620491
9.1818971
9.3317221
9.5656253
10.5506192
12.2797648
13.2358088
13.8734631
14.5008104
14.9709432
15.2879651
15.4973949
15.6943553
15.8963734
16.3306838
16.7532104
16.8845148
16.5046686
15.8598898
15.368366
13.9509126
12.177301
10.762993
9.8345864
9.3514429
9.1463989
9.3091106
9.6229597
10.5068359
12.1148968
12.969893
13.6799234
14.1443469
14.5065411
14.5378248
14.6325793
14.4956238
14.5420333
14.7991985
14.9372014
14.9015076
14.6063996
14.3409165
14.3657837
13.2393796
11.4727313
10.0964834
9.1575707
8.7329782
8.5546206
8.7402762
8.9948952
9.9398278
11.5343275
12.2085759
12.6845953
13.141382
13.526604
13.6148672
13.584048
13.5414831
13.455281
13.6311557
13.7860242
13.9294239
13.7531462
13.6605614
13.8331873
12.7950588
11.247288
9.8969511
9.0968193
8.6991139
8.54707
8.7607169
9.0532267
9.9686225
11.5465458
12.2214583
12.6427653
13.0865577
13.4302449
13.5048215
13.5937275
13.5661277
13.603764
13.870512
14.0420802
14.1423548
13.9861505
13.8424841
13.9971995
13.022584
11.3811891
10.0394658
9.1825335
8.7498161
8.5630394
8.7387613
8.8998668
9.7889194
11.2439371
12.2687173
12.9454161
13.586205
13.9756512
14.0612658
14.1428084
14.10694
14.0392443
14.2033089
14.4179858
14.4643274
14.2460886
13.9216444
14.0712112
13.2334352
11.8874148
10.5884514
9.7113896
9.2033224
8.9076496
8.9687161
8.9672182
9.0746893
9.7880578
11.1341588
12.3820283
13.6476239
14.5912326
15.1876843
15.4760422
15.7733029
16.2388527
16.8292361
17.4851194
17.7824503
17.610218
17.2243683
17.3416792
16.821844
15.2291046
13.3123206
11.7354442
10.7731603
10.1465655
9.8470742
9.362622
9.2668191
9.8958697
10.9150954
11.8834676
12.5950642
13.0880365
13.3626403
13.4108753
13.3067058
13.2967752
13.5821342
14.0412132
14.3135884
14.1515247
13.9844767
14.1879693
13.3120184
11.7244
10.308862
9.3725289
8.9140032
8.7091435
8.8958735
9.0757622
9.9951546
11.6221308
12.5028821
13.0615231
13.6763462
14.164755
14.3847446
14.3204152
14.2579746
14.3350466
14.4662602
14.5502937
14.4249183
14.2963432
14.0317496
14.1440832
13.130174
11.4982149
10.1262423
9.2037085
8.7773478
8.6013248
8.7915528
8.9766016
9.9401003
11.5402176
12.3267945
12.870558
13.4068725
13.7754645
13.8901278
13.9781818
14.0482045
14.2100041
14.5649813
14.9097969
14.9665222
14.758741
14.4667412
14.4652946
13.4032584
11.6453993
10.2393418
9.3663232
8.9327694
8.7106108
8.8933429
9.0883044
10.0506609
11.6771623
12.6793558
13.4160489
14.0656179
14.6487525
14.8743064
15.0412963
15.2484889
15.2507704
15.3633166
15.4358855
15.3991558
15.1536721
15.030489
14.8691957
13.6309055
12.0276431
10.6294035
9.7464341
9.2959722
9.0908729
9.2756901
9.5625634
10.5025189
12.1666841
13.1819892
14.0421487
14.9036973
15.2870589
15.3516608
15.5742435
15.8151997
16.1023185
16.4856946
16.580896
16.7010626
16.5811544
16.1805642
16.2167604
15.2607852
13.4259442
11.770391
10.6028021
9.8874367
9.5444659
9.6139866
9.7379721
10.7226837
12.5965238
13.9913949
15.1982798
16.2870477
17.0592487
17.284023
17.478111
17.7088887
18.040214
18.571392
18.9998134
19.1635204
18.9358567
18.327803
18.1548255
17.1722361
15.3367875
13.6068611
12.270527
11.3349121
10.7147008
10.5082527
10.1879607
10.3864874
11.6077392
13.3416486
15.1137871
16.694421
17.7833264
18.5269457
18.8488669
19.1854217
19.460215
19.6450404
19.7324055
19.6197778
19.1575954
18.3561564
18.267737
17.4622907
15.96934
14.3466853
12.9544874
11.9914301
11.3754636
11.1495191
10.7576233
10.6617305
11.5202573
13.177586
15.0064117
16.5227256
17.6739087
18.5551071
19.0783568
19.5947201
20.0892373
20.6346065
21.0014535
21.1174822
20.8747673
20.6222134
20.8849381
19.8927277
17.9018533
15.7901905
14.1440939
13.1383259
12.5625802
12.4072226
12.379763
13.2940148
15.2737187
16.8095224
18.1052702
19.3099917
20.4219655
21.2675489
21.7243208
22.1435456
22.4346366
23.2147523
23.5017456
23.7484245
23.6721127
22.9487264
22.3920415
20.3075376
17.2621688
14.7471755
12.9658908
11.8892726
11.243087
11.0970679
11.0147576
11.772215
13.4786783
14.5906031
15.3787271
16.1869941
16.7680741
17.1104418
17.5426547
17.7531547
17.8325727
18.1337571
18.3769442
18.3183413
17.9956397
17.436753
17.3291948
16.0905941
14.0995453
12.3274484
11.2505249
10.6103078
10.17199
10.224376
10.3739679
11.2976499
13.0287107
14.0810406
14.924758
15.6144281
16.1168214
16.4035726
16.5837267
16.8951182
17.208721
17.7004264
17.9573087
17.9930931
17.5695506
16.8213987
16.458034
15.3855031
13.490377
11.7512031
10.6407908
9.9913694
9.6706018
9.7546645
9.915699
10.8065692
12.5262477
13.5294436
14.4001192
15.2379415
15.8913409
15.9963585
16.1660774
16.2689781
16.1717785
16.4705394
16.9469268
17.1809374
16.9320638
16.3246429
16.0285419
15.0625437
13.2170077
11.6552915
10.5937668
9.9369758
9.6017822
9.7058679
9.866581
10.7236885
12.4621035
13.7538899
14.8051068
15.8316866
16.501874
16.9603734
17.2348655
17.4523216
17.7658517
18.2203615
18.6471726
18.7126643
18.1944895
17.258845
16.8904586
15.8833609
14.2745479
12.6672609
11.3885502
10.6301768
10.1156085
10.0320305
9.7948382
9.9821404
11.0883764
12.6704423
14.3092276
15.581798
16.5605783
17.0517105
17.3390081
17.5822037
17.8725737
18.2534075
18.7322819
18.8034712
18.1539702
17.2009483
16.8934483
16.0734751
14.6190994
13.2292162
11.9528905
11.1173994
10.5157854
10.4105261
10.1067563
10.0895789
11.0072333
12.6824344
14.4559937
16.1959493
17.6529029
18.7115109
19.3150598
19.9897397
20.2415747
20.2840309
20.5745545
20.8004142
20.6670235
20.475177
20.7688796
19.2518738
17.2305965
15.364494
14.0611555
13.1767049
12.6916982
12.6822826
12.8544199
13.7197178
15.8047694
17.404451
18.7851021
20.0189479
21.0119153
21.6475456
22.0437125
22.367476
22.8125279
23.3754089
23.8193887
23.8652723
23.2157772
22.2850609
21.5453009
19.748276
17.3702204
15.2609936
13.6926668
12.7161717
12.0482387
11.854123
11.7145326
12.3822289
14.0363316
14.9053201
15.3567314
15.8599504
16.4265627
16.9733389
17.0812551
17.1223482
17.170162
17.2750898
17.2000634
16.8097262
16.2105415
15.68947
15.4322936
14.4155305
12.718571
11.1961862
10.2093482
9.6620472
9.3865874
9.5521259
9.8143553
10.6106703
12.3008721
13.461878
14.3544425
15.1883348
15.824999
15.8680595
16.1614156
16.430721
16.6219863
17.1950041
17.6236112
17.7734751
17.4546343
16.8197462
16.5568225
15.4435753
13.5803007
11.77316
10.5180754
9.9006236
9.5768205
9.6114302
9.7292693
10.4902293
12.0301395
13.3150432
14.4910375
15.312716
15.9241945
16.2069485
16.4312771
16.64273
16.9450657
17.2944476
17.6633106
17.6680652
17.1408013
16.3698469
16.1251938
15.1995336
13.6734731
12.113556
10.930008
10.1828836
9.7429537
9.6937605
9.5339669
9.5175489
10.1006367
11.0246122
11.9729969
12.6258902
13.2112701
13.637656
13.6137311
13.4281715
13.4408219
13.5182772
13.761874
13.5973248
13.2242236
12.8527956
12.7436142
12.1865424
11.2570191
10.2913506
9.4553718
8.9297301
8.6326014
8.7003295
8.5326649
8.5894054
9.3036776
10.3302092
11.3490778
12.1949455
12.8906522
13.3101339
13.4817819
13.5660642
13.7043368
13.8642656
14.1244812
14.2543063
13.8677628
13.616026
13.7010821
13.2041934
12.1751821
10.994244
10.0374579
9.3810367
9.0060492
8.9863286
8.735334
8.6877051
9.3226008
10.3909342
11.5763032
12.7315807
13.7287382
14.2906687
14.528349
14.6960439
15.0948325
15.6164766
16.1972166
16.5203412
16.2503904
16.014271
16.1479864
15.3579984
13.7276117
12.0729765
10.8634933
10.0933572
9.6644152
9.6985602
9.752233
10.4097088
11.9922188
13.4202286
14.6318877
15.6309527
16.4335866
17.0008436
17.4506842
17.8407293
18.3019155
18.8234305
19.260301
19.3319164
18.7481638
18.0257691
17.5896804
16.5014933
14.5512826
12.8518377
11.8229401
11.0928576
10.6626448
10.7414008
10.8773873
11.5980857
13.3566432
14.9734143
16.4142172
17.7574049
18.7839301
19.5325155
19.9276567
20.2963296
20.7991405
21.1807991
21.7787313
22.1485082
21.8646779
21.2686423
20.9913418
19.7281762
17.5730205
15.4968654
13.9809202
12.9492575
12.2108993
12.1314234
12.1032868
12.8988219
14.8800524
16.6546216
18.183683
19.616599
20.6026563
21.1591364
21.6678048
22.1872691
22.6747262
23.0949275
23.2718092
22.9575512
22.1865907
21.9307279
22.0121242
20.6894028
18.7203034
16.9442219
15.5341209
14.4809987
13.8354087
13.7303186
13.7580732
14.3917525
16.2888898
17.9925191
19.4191326
20.7488714
21.7726956
22.4955279
22.7519906
21.8062161
21.9816073
22.6828494
23.1801388
23.2129529
22.6851405
22.2923979
22.1331332
20.7780506
18.5029125
16.3929154
14.9029169
13.9214363
13.2030417
13.0742411
13.2570457
13.9323492
15.2907806
16.3452775
17.1370322
17.9389968
18.8444706
19.5503895
20.0797701
20.535887
20.9155406
21.1425837
21.5378172
21.5542999
20.3757122
19.8918287
19.5247088
18.3521395
16.6256998
14.8526788
13.5834894
12.6947459
12.1399098
12.042915
11.8779522
11.841001
12.5262381
13.8168473
15.546085
16.9053738
17.5570408
17.7329002
17.6209867
17.6924423
17.9722571
17.8765409
17.4598384
17.1704683
16.6494705
16.1832901
16.2900294
15.653651
14.3835179
12.9261886
11.8663626
11.0181112
10.4135795
10.2739724
10.0367643
9.9543092
10.748183
12.0717971
13.4463583
14.6843396
15.7464427
16.3421844
16.6697254
16.9923036
17.4869124
17.9723881
18.3691522
18.6217645
18.1535494
17.6846162
17.8692435
17.0226782
15.1936643
13.3807343
11.9378551
11.071367
10.5978278
10.681733
10.8586613
11.6460165
13.2032321
14.3763109
15.4875959
16.4807693
17.3158005
18.1329875
18.6209807
18.4281502
18.3656105
18.8778652
19.3320651
19.1046183
18.1012064
17.5307647
17.4059542
16.2673712
14.3070899
12.7373766
11.5270275
10.9092179
10.5468342
10.7188039
11.0550449
11.798843
13.4490178
14.8412085
15.8985168
17.2208882
18.4406024
19.3141644
20.1625583
20.96368
21.5396908
22.0813294
22.525222
22.6805245
22.0765254
21.3774825
21.3269691
20.1134732
17.9710913
15.9041465
14.5184288
13.5468281
12.9105679
12.9154137
13.1012778
13.8898338
15.5695703
17.3633086
18.5843002
19.9067642
21.4470458
22.5169903
23.1167475
23.6224772
24.0396516
24.5627969
25.0149649
25.0379609
24.4017654
23.7590023
23.7172654
22.4406884
20.2698457
18.175001
15.8322005
14.68258
14.0608282
13.9105223
13.9685346
14.5809747
15.9695101
16.992853
17.6975366
18.5633019
19.3371058
19.8069689
20.1531505
20.8365059
21.450048
21.8162857
22.2406712
22.2071277
21.3977207
20.7835734
20.3011175
18.6890598
16.5775984
14.7182949
13.3827382
12.5121727
11.8635142
11.8427043
11.9194607
12.6213594
14.3651588
15.8507201
17.2708001
18.4802508
19.3240891
19.5222221
18.9843169
18.9619436
18.9725584
18.9356499
18.8407399
18.6360523
17.4851108
16.6289929
16.3541573
15.3197681
13.6139922
12.1840598
11.0209089
10.3534361
9.9081261
9.9312535
9.8693563
9.7877518
10.4630263
11.5657042
12.6641651
13.4994451
14.0357977
14.3305785
14.3990688
14.4903987
14.5865306
14.6667683
14.849482
14.9299503
14.5834377
14.1278633
14.3440764
13.7007076
12.5772927
11.4350342
10.4399517
9.7884608
9.3582007
9.3885966
9.2177661
9.0941874
9.770002
10.932515
12.1648958
13.2663638
14.2373407
14.8391915
15.1182408
15.2578259
15.5907602
15.8964293
15.9318816
15.8831108
15.3119434
15.3206359
15.8074968
15.1608978
13.7399078
12.3329491
11.4005877
10.9433227
10.792009
11.0842036
11.4568533
12.37835
14.4505724
16.3607295
17.9138865
19.0348145
19.9839806
20.4376445
20.6943911
20.8427722
21.0376179
21.2284373
21.3958977
21.1236082
20.118751
19.0722402
18.54561
16.998531
14.9004776
12.964216
11.6629849
10.7706021
10.2755681
10.3029428
10.4568894
11.0714017
12.6254706
13.8538068
14.8569555
15.7973104
16.6163447
16.9509014
17.0290154
17.0834944
17.3194441
17.7467042
18.2762838
18.4119293
17.7293274
16.9274783
16.7325104
15.4464643
13.5757211
11.9231783
10.7586551
10.0522084
9.6424863
9.7587216
10.0380285
10.6263236
12.15261
13.3644609
14.3564767
15.4381576
16.0632372
16.5584627
17.0094959
17.3952495
17.8499143
18.488151
19.077443
19.2427332
18.7384433
18.1033112
18.0370054
16.9246008
15.017971
13.2658288
12.0200527
11.2433414
10.7349969
10.7863305
11.0112016
11.6447792
13.4576688
15.0607971
16.4935787
17.8808724
19.0491954
19.8964125
20.7736356
21.3548543
21.701411
22.0707157
22.4895656
22.4000206
22.0018899
21.9118286
22.1834042
21.096259
19.1095543
17.0981886
15.6556619
14.6079381
13.8706876
13.7170841
13.6897771
14.2767052
16.1629176
18.0633615
19.8183737
21.4115304
22.6167587
23.3105453
23.6378243
23.9598975
24.2843126
24.6642032
24.958335
24.8388316
24.0312917
23.1319859
22.8439731
21.5706762
19.62368
17.680038
16.2078031
15.0449302
14.0938618
13.7911508
13.4669664
13.2699612
14.4291316
16.2040765
18.1298642
19.7741942
20.9419187
21.6922489
22.0501925
22.1866621
22.4676379
22.7301329
22.981783
22.8939597
21.9799293
21.0826446
20.8940053
19.8230888
18.3292045
16.6551391
15.1693538
14.0988239
13.2970134
13.0181378
12.644344
12.3743987
13.0827186
14.445655
15.3266063
16.0661399
16.7999238
17.6873118
18.4927114
18.6351475
18.4402967
18.3917711
18.6097745
19.0162281
18.5500012
18.3681488
18.7090491
17.7603956
16.0781758
14.4103378
13.2764325
12.5858084
12.2295486
12.4588536
12.6957561
13.5844236
14.872874
16.1648509
16.8932731
17.6721519
18.3848756
18.958003
19.9763223
20.8206379
21.5472868
22.2013417
22.7262771
22.7771972
22.0532223
21.2735214
21.1060945
19.7298587
17.5230845
15.3213189
13.7172574
12.6514855
11.9390752
11.8368738
11.9106443
12.4102203
14.0735135
15.504917
16.755147
18.0479671
19.0185809
19.7027458
20.1311589
20.4193598
20.8376796
21.355748
21.8245499
21.88799
21.4292665
20.8829475
20.7864381
19.3417408
17.1917729
15.1389681
13.493823
12.5605445
11.8517234
11.7863833
11.8942329
12.4782985
14.178273
15.796512
17.315657
18.8163618
20.1787324
21.0699036
21.8896873
22.6006929
23.224757
23.7548471
23.6046356
22.6834652
21.6924294
21.0190621
20.8495775
19.5671545
17.6278989
15.7207384
14.288291
13.3566021
12.8108303
12.8062267
13.0213569
13.5813161
15.0838067
16.7317999
17.9203034
19.1370517
20.2038901
20.8578739
21.1161623
21.3858668
21.8248679
22.1822532
22.1697951
21.8083766
21.1876089
20.9767212
21.0944757
19.6634535
17.2600738
15.3561624
13.8946616
13.0089989
12.3877293
12.2402703
12.2418367
12.5982616
13.930127
15.2597786
16.3461569
17.028001
17.8652341
18.6714822
18.9328402
19.0070968
19.3312067
19.6495286
19.7318093
19.3617938
18.5761546
18.0746382
18.135611
17.0201979
15.3748423
13.7153314
12.4907199
11.6082052
10.9946801
10.8967704
10.813926
10.7737208
11.277947
12.2454965
13.2330201
14.0801605
14.7671773
15.3997083
15.6850376
15.9738558
16.2649178
16.5342575
16.8368001
16.7773382
16.0851252
15.6077223
15.7553111
15.1036833
13.9737543
12.783448
11.7907025
11.0766185
10.604582
10.5083746
10.4022567
10.2795111
10.6679092
11.5576466
12.6397303
13.5233352
14.2438559
14.6239779
14.7301328
14.6439116
14.6019076
14.7135467
15.3504057
15.5520197
14.8207527
14.6454089
14.9760994
14.2771244
13.1530139
12.0425182
